100224
100505
100587
100702
100718
100797
100841
100856
100989
101104
101246
101268
101387
101471
101493
101512
101745
101828
101911
102459
102482
102588
102595
102765
102826
102892
103093
103129
103256
103579
103583
103745
103799
104002
104093
104143
104237
104328
104588
104809
105093
105252
105564
105585
105749
105959
161026
106255
106517
106845
106876
107081
107159
107224
107237
107244
107248
107264
107393
107510
107523
107657
107768
107813
107861
107864
107888
108235
108349
108506
108547
108663
108738
108826
109029
109039
109106
109173
109201
109236
109429
109583
109884
109934
109970
110014
110216
110391
110472
110798
110843
110848
110888
110903
111012
111165
111219
111369
111432
111449
111485
111775
111835
111918
112280
112670
112711
112738
112873
112888
112899
112956
113014
113167
113215
113252
113256
113312
113417
113435
113462
113520
113532
113592
113648
113653
113714
113844
114033
114051
114097
114126
114213
114351
114424
114433
114545
114573
114585
114682
114923
115050
115100
115117
115152
115263
115317
115645
115760
115805
115953
116025
116056
116093
116194
116313
116387
116501
116513
116588
116653
116667
116695
116934
117025
117030
117088
117190
117513
117529
117626
117870
117890
117940
118019
118050
118229
118232
118273
118413
118697
119106
119225
119414
119437
119477
119665
119701
119777
119880
120113
120115
120617
120746
121142
121212
121226
121726
121752
122009
122069
122511
122598
122607
122761
978961
122885
122926
122967
123242
123264
123516
123538
123553
123576
123792
123817
123902
124046
124131
124181
124194
124304
124516
124700
124795
124861
124907
125203
125211
125656
125666
125711
125740
125865
125943
126165
126463
126515
126744
126747
126930
127092
127143
127219
127265
127496
127685
127925
128061
128147
128217
128225
128538
128808
128892
129004
129017
129107
129180
695552
129257
129644
129845
129867
129871
129876
129890
129897
129903
130033
130048
130378
130494
130574
130648
130833
131136
131218
131281
131286
131373
131679
131799
131909
131988
132053
132216
132514
132517
132711
132756
132840
133067
133137
133187
133329
133400
133574
133824
133864
133963
134069
134140
134222
134308
134415
134732
135021
135214
135315
135348
135555
135558
135811
135887
135909
135925
135958
136084
136154
136312
136368
136503
136506
136562
136568
802694
137173
137435
137525
137581
137635
137725
138185
138335
138365
138669
138675
138734
138833
138911
138965
138988
139080
139157
139206
139321
139327
139379
139499
139555
139601
139676
139682
139709
139720
139998
140135
140149
140217
140364
140422
140484
141055
141333
141567
141653
141756
141925
142005
142423
142460
142607
142719
142724
142821
143056
143065
143567
143728
143732
144080
144132
144326
144384
144510
144541
144572
145167
145194
145275
145470
145474
145525
145542
145649
145738
145836
145842
145894
146031
146109
146110
146266
146269
146270
146293
146309
146318
146325
146633
146673
146830
146839
795770
147043
147094
147126
147133
147291
147444
147512
147597
147606
147739
147902
147911
147976
147977
148102
148166
148171
148397
148431
148504
148511
148653
148861
148875
148908
149431
149436
149470
149687
149826
149876
150222
150241
150398
150487
150662
150969
151003
151076
151159
151243
151266
151446
151617
151722
151771
151782
151984
152107
152122
152125
152169
152305
152309
152392
152420
152459
152491
152514
152523
153029
153036
153290
153348
153611
153663
153800
153840
153967
154124
154538
154818
154822
154992
385464
155158
155413
155431
155457
155480
155511
155514
155523
155862
155913
156240
156572
156713
156738
156906
156999
157034
157042
157074
157114
157163
157198
157216
157285
157598
157624
157691
157714
157779
157858
157938
158015
158079
448956
158132
158314
158325
158381
158524
158544
158572
158702
158926
158997
159279
159328
159462
159491
159527
159567
159707
159818
159926
159945
159984
160008
160050
160473
160952
537233
161114
161127
161151
161157
161259
161261
161572
161646
161691
161834
161992
162044
162096
162170
162197
162275
162422
162552
162590
162809
162820
162835
163036
163159
163218
163373
163546
163585
163602
163701
163988
164154
164323
164369
164506
164584
164586
164632
164642
164688
165017
165204
165332
165505
165695
165724
166331
166377
166420
166498
166545
166693
166925
166926
167024
167195
167213
167485
167700
167711
167828
167921
168067
168214
168224
168646
168762
168823
168891
168933
169010
169260
169287
169402
169411
169421
169529
169556
169616
169689
169792
169799
170030
170136
425873
170182
170206
170216
170325
170390
170831
170847
171307
171374
171597
171823
171949
172027
172096
172257
172274
172315
172980
173048
173132
173186
173247
173342
173596
174033
174105
174287
174582
174778
174886
175830
175865
176072
176122
176129
176188
176213
176253
176303
176370
176390
176518
176529
176535
177103
177536
177654
177831
177926
177997
178383
178668
178743
178775
178993
179114
179190
179273
179292
179405
179672
179743
179773
179786
179804
179888
179900
180049
180117
180166
180637
180747
180785
181025
181359
181603
181604
181725
181974
182091
182130
182220
182324
182606
182691
182730
182800
182816
183212
183236
183516
183719
183878
184001
184236
184488
184521
184660
184671
184726
184819
184926
185192
185218
185246
185298
185449
185617
185640
185876
185942
185973
186068
186084
186087
186105
186177
186229
186312
186322
186426
186545
186663
186697
186703
351704
186835
186881
186929
186948
186953
187097
187159
187248
187258
187376
187456
187464
187619
187625
187627
187768
489970
188009
188084
188151
188340
188589
188639
188936
189008
189085
189189
189253
189300
189348
189637
189818
190025
190049
190173
190221
190643
190816
190937
191045
191329
191477
191536
191820
192007
192195
192206
192232
192274
192422
192616
192830
192871
193087
193264
193472
193586
193611
193813
193858
193915
194034
194068
194169
194313
194525
194596
194633
194740
195223
357391
195692
195788
195798
195897
195921
196014
196220
196259
196341
196452
196482
196696
196814
196915
196984
197098
197148
197158
197184
197337
197403
197446
197468
197585
197802
197880
197910
198051
198075
198082
198319
198399
198602
198673
198805
199287
199336
199500
199595
199846
199939
200458
200501
200525
200610
200811
200885
200986
201163
201717
201873
202110
202122
202163
202315
202317
202420
202533
202819
202824
202934
202939
203015
203023
203077
203087
203270
203280
203286
203524
203841
204029
204105
204111
204117
204182
204350
204353
204450
204657
204764
204956
205004
205076
205548
205638
205918
205932
206114
206162
206212
206266
206527
206719
207000
207084
207111
207369
207396
207520
207626
207639
207751
207769
207881
207972
208097
208225
208318
208407
208653
208664
208865
208949
209000
209396
209461
209602
209693
209772
209798
209836
209859
209970
210077
210122
210142
210330
210390
210451
210476
210484
210742
210774
210917
211111
211297
211322
211522
211597
211668
211710
211765
212208
212337
212501
212543
212641
212642
212908
212960
212992
213156
213450
213466
213504
213523
213525
213700
213705
214079
214343
214368
214462
214523
214686
214927